Apr 30, 2009	54.71	53.29
Apr 29, 2009	55.09	54.41
Apr 28, 2009	54.05	54.53
Apr 27, 2009	53.90	54.49
Apr 24, 2009	55.17	54.31
Apr 23, 2009	54.75	55.30
Apr 22, 2009	55.78	54.25
Apr 21, 2009	55.55	55.63
Apr 20, 2009	55.51	55.33
Apr 17, 2009	55.09	56.09
Apr 16, 2009	54.15	54.70
Apr 15, 2009	54.05	53.95
Apr 14, 2009	55.80	54.82
Apr 13, 2009	56.34	56.11
Apr 09, 2009	56.29	56.67
Apr 08, 2009	55.46	55.56
Apr 07, 2009	55.64	55.40
Apr 06, 2009	56.47	55.94
Apr 03, 2009	56.20	56.64
Apr 02, 2009	55.94	56.35
Apr 01, 2009	54.30	55.24
Mar 31, 2009	54.30	54.57
Mar 30, 2009	54.00	53.92
Mar 27, 2009	55.46	55.01
Mar 26, 2009	55.49	56.06
Mar 25, 2009	54.06	55.01
Mar 24, 2009	55.00	53.56
Mar 23, 2009	53.97	55.16
Mar 20, 2009	54.48	53.20
Mar 19, 2009	55.58	54.71
Mar 18, 2009	53.44	55.42
Mar 17, 2009	51.70	53.64
Mar 16, 2009	52.65	51.69
Mar 13, 2009	52.67	52.38
Mar 12, 2009	51.39	52.17
Mar 11, 2009	52.51	51.03
Mar 10, 2009	52.83	52.60
Mar 09, 2009	51.69	52.32
Mar 06, 2009	51.24	52.12
Mar 05, 2009	52.36	50.86
Mar 04, 2009	53.10	53.15
Mar 03, 2009	52.14	52.43
Mar 02, 2009	51.80	51.85
Feb 27, 2009	51.57	52.25
Feb 26, 2009	54.52	52.20
Feb 25, 2009	54.40	54.29
Feb 24, 2009	54.22	54.76
Feb 23, 2009	54.75	53.87
Feb 20, 2009	54.88	54.57
Feb 19, 2009	55.92	55.31
Feb 18, 2009	56.00	56.41
Feb 17, 2009	55.90	55.68
Feb 13, 2009	57.06	56.81
Feb 12, 2009	56.79	56.96
Feb 11, 2009	57.49	57.08
Feb 10, 2009	59.00	57.28
Feb 09, 2009	59.03	59.02
Feb 06, 2009	58.12	58.46
Feb 05, 2009	57.50	58.36
Feb 04, 2009	59.17	57.86
Feb 03, 2009	58.29	58.88
Feb 02, 2009	57.62	57.90
Jan 30, 2009	58.50	58.02
Jan 29, 2009	58.78	58.14
Jan 28, 2009	59.70	59.20
Jan 27, 2009	58.80	58.52
Jan 26, 2009	57.23	58.40
Jan 23, 2009	57.24	58.02
Jan 22, 2009	58.07	58.72
Jan 21, 2009	57.98	58.70
Jan 20, 2009	59.59	57.07
Jan 16, 2009	58.74	59.67
Jan 15, 2009	57.20	57.98
Jan 14, 2009	58.51	57.33
Jan 13, 2009	60.31	59.32
Jan 12, 2009	60.10	60.16
Jan 09, 2009	60.71	60.07
Jan 08, 2009	60.83	60.52
Jan 07, 2009	61.93	61.24
Jan 06, 2009	63.99	62.14
Jan 05, 2009	63.26	63.56
Jan 02, 2009	62.38	63.75
Dec 31, 2008	61.64	62.19
Dec 30, 2008	60.87	61.74
Dec 29, 2008	60.99	60.38
Dec 26, 2008	61.50	61.06
Dec 24, 2008	61.23	61.28
Dec 23, 2008	61.58	60.65
Dec 22, 2008	60.32	61.40
Dec 19, 2008	61.78	60.32
Dec 18, 2008	63.02	61.29
Dec 17, 2008	62.61	62.63
Dec 16, 2008	61.14	62.92
Dec 15, 2008	60.69	60.69
Dec 12, 2008	59.62	60.59
Dec 11, 2008	61.10	60.87
Dec 10, 2008	60.22	61.66
Dec 09, 2008	60.62	59.68
Dec 08, 2008	63.35	60.92
Dec 05, 2008	60.10	62.72
Dec 04, 2008	59.24	60.84
Dec 03, 2008	56.76	59.55
Dec 02, 2008	56.87	57.05
Dec 01, 2008	58.07	56.17
Nov 28, 2008	57.63	58.75
Nov 26, 2008	55.66	57.90
Nov 25, 2008	56.50	56.81
Nov 24, 2008	55.54	55.51
Nov 21, 2008	53.68	55.15
Nov 20, 2008	54.73	52.91
Nov 19, 2008	56.25	55.44
Nov 18, 2008	55.02	56.51
Nov 17, 2008	55.90	55.61
Nov 14, 2008	55.33	56.13
Nov 13, 2008	54.15	56.25
Nov 12, 2008	55.41	54.02
Nov 11, 2008	56.39	56.29
Nov 10, 2008	57.15	56.48
Nov 07, 2008	53.93	55.47
Nov 06, 2008	55.50	54.17
Nov 05, 2008	57.52	56.00
Nov 04, 2008	57.77	57.78
Nov 03, 2008	58.41	57.03
Oct 31, 2008	57.88	57.93
Oct 30, 2008	58.96	57.87
Oct 29, 2008	56.62	57.18
Oct 28, 2008	52.76	56.62
Oct 27, 2008	53.47	51.76
Oct 24, 2008	52.41	53.06
Oct 23, 2008	55.39	55.58
Oct 22, 2008	55.16	54.18
Oct 21, 2008	56.40	55.13
Oct 20, 2008	54.87	56.84
Oct 17, 2008	53.50	53.80
Oct 16, 2008	52.02	54.46
Oct 15, 2008	54.98	51.55
Oct 14, 2008	59.32	56.02
Oct 13, 2008	55.32	57.25
Oct 10, 2008	50.04	53.35
Oct 09, 2008	55.00	52.08
Oct 08, 2008	53.26	53.41
Oct 07, 2008	58.94	54.97
Oct 06, 2008	58.99	57.15
Oct 03, 2008	62.90	60.23
Oct 02, 2008	63.64	61.88
Oct 01, 2008	61.18	63.66
Sep 30, 2008	61.29	61.70
Sep 29, 2008	63.09	60.16
Sep 26, 2008	62.05	63.20
Sep 25, 2008	61.79	62.27
Sep 24, 2008	62.00	61.43
Sep 23, 2008	62.63	61.78
Sep 22, 2008	63.58	62.57
Sep 19, 2008	64.66	63.98
Sep 18, 2008	63.38	63.96
Sep 17, 2008	63.87	62.52
Sep 16, 2008	63.49	64.29
Sep 15, 2008	63.73	63.72
Sep 12, 2008	64.12	64.06
Sep 11, 2008	62.56	64.56
Sep 10, 2008	63.38	63.20
Sep 09, 2008	63.00	63.19
Sep 08, 2008	61.26	62.42
Sep 05, 2008	59.79	60.30
Sep 04, 2008	61.51	60.02
Sep 03, 2008	63.13	61.72
Sep 02, 2008	62.39	62.91
Aug 29, 2008	62.76	62.00
Aug 28, 2008	62.34	62.89
Aug 27, 2008	62.59	62.08
Aug 26, 2008	62.07	62.13
Aug 25, 2008	63.21	62.08
Aug 22, 2008	62.69	63.42
Aug 21, 2008	61.93	62.31
Aug 20, 2008	62.64	62.43
Aug 19, 2008	63.00	62.46
Aug 18, 2008	63.89	63.29
Aug 15, 2008	64.13	63.63
Aug 14, 2008	62.65	63.60
Aug 13, 2008	64.01	62.78
Aug 12, 2008	65.21	63.94
Aug 11, 2008	65.04	65.95
Aug 08, 2008	62.39	65.67
Aug 07, 2008	61.90	61.86
Aug 06, 2008	61.90	62.14
Aug 05, 2008	60.79	62.33
Aug 04, 2008	59.84	60.55
Aug 01, 2008	59.83	59.77
Jul 31, 2008	60.20	59.79
Jul 30, 2008	60.05	60.45
Jul 29, 2008	58.30	59.70
Jul 28, 2008	58.70	57.79
Jul 25, 2008	58.59	58.65
Jul 24, 2008	58.70	58.37
Jul 23, 2008	61.20	59.66
Jul 22, 2008	59.50	60.12
Jul 21, 2008	60.36	59.75
Jul 18, 2008	60.41	60.44
Jul 17, 2008	59.80	60.37
Jul 16, 2008	58.52	60.16
Jul 15, 2008	57.52	58.56
Jul 14, 2008	57.91	58.09
Jul 11, 2008	57.88	57.32
Jul 10, 2008	59.14	58.44
Jul 09, 2008	58.70	59.25
Jul 08, 2008	57.70	58.52
Jul 07, 2008	57.42	57.36
Jul 03, 2008	57.60	57.19
Jul 02, 2008	57.40	57.43
Jul 01, 2008	55.87	57.29
Jun 30, 2008	56.70	56.22
Jun 27, 2008	56.63	56.50
Jun 26, 2008	57.48	56.45
Jun 25, 2008	57.34	58.05
Jun 24, 2008	57.55	57.02
Jun 23, 2008	57.75	57.01
Jun 20, 2008	58.26	57.40
Jun 19, 2008	58.07	58.59
Jun 18, 2008	58.95	58.21
Jun 17, 2008	60.27	59.21
Jun 16, 2008	59.44	59.94
Jun 13, 2008	59.61	59.95
Jun 12, 2008	58.98	59.34
Jun 11, 2008	59.77	58.75
Jun 10, 2008	59.01	59.77
Jun 09, 2008	58.37	59.31
Jun 06, 2008	57.70	56.95
Jun 05, 2008	57.96	58.05
Jun 04, 2008	57.43	57.98
Jun 03, 2008	58.70	57.56
Jun 02, 2008	59.12	58.55
May 30, 2008	59.54	59.32
May 29, 2008	58.70	59.48
May 28, 2008	58.37	58.69
May 27, 2008	57.87	58.11
May 23, 2008	58.37	57.73
May 22, 2008	58.75	58.53
May 21, 2008	59.77	58.78
May 20, 2008	60.28	59.68
May 19, 2008	60.76	60.45
May 16, 2008	60.87	60.53
May 15, 2008	60.40	60.86
May 14, 2008	61.35	60.44
May 13, 2008	60.90	61.17
May 12, 2008	59.30	60.87
May 09, 2008	59.06	59.24
May 08, 2008	59.73	59.77
May 07, 2008	60.40	59.38
May 06, 2008	60.61	60.49
May 05, 2008	60.96	60.87
May 02, 2008	60.90	60.95
May 01, 2008	59.54	60.92
Apr 30, 2008	60.00	59.58
Apr 29, 2008	59.15	60.20
Apr 28, 2008	59.75	59.59
Apr 25, 2008	59.75	59.67
Apr 24, 2008	58.65	59.58
Apr 23, 2008	58.41	58.69
Apr 22, 2008	57.94	58.35
Apr 21, 2008	58.59	58.67
Apr 18, 2008	57.56	58.30
Apr 17, 2008	57.11	57.33
Apr 16, 2008	56.31	57.18
Apr 15, 2008	55.79	55.96
Apr 14, 2008	55.49	55.54
Apr 11, 2008	55.41	55.40
Apr 10, 2008	55.59	55.85
Apr 09, 2008	55.79	55.74
Apr 08, 2008	55.42	55.87
Apr 07, 2008	56.02	55.65
Apr 04, 2008	56.22	55.72
Apr 03, 2008	56.44	56.24
Apr 02, 2008	57.05	56.66
Apr 01, 2008	56.04	56.91
