Apr 30, 2009	13.39	13.12
Apr 29, 2009	13.90	13.24
Apr 28, 2009	13.35	13.90
Apr 27, 2009	13.50	13.53
Apr 24, 2009	13.68	13.68
Apr 23, 2009	13.75	13.60
Apr 22, 2009	13.23	13.75
Apr 21, 2009	13.08	13.32
Apr 20, 2009	13.47	13.09
Apr 17, 2009	13.51	13.65
Apr 16, 2009	13.05	13.44
Apr 15, 2009	12.85	13.03
Apr 14, 2009	13.15	12.85
Apr 13, 2009	13.18	13.28
Apr 09, 2009	12.81	13.32
Apr 08, 2009	12.49	12.56
Apr 07, 2009	12.59	12.47
Apr 06, 2009	12.82	12.82
Apr 03, 2009	12.56	12.97
Apr 02, 2009	11.90	12.62
Apr 01, 2009	11.55	11.75
Mar 31, 2009	11.69	11.72
Mar 30, 2009	11.50	11.56
Mar 27, 2009	11.85	11.71
Mar 26, 2009	11.67	11.90
Mar 25, 2009	11.53	11.59
Mar 24, 2009	11.69	11.40
Mar 23, 2009	11.49	11.90
Mar 20, 2009	11.74	11.26
Mar 19, 2009	10.94	11.63
Mar 18, 2009	11.49	11.48
Mar 17, 2009	10.96	11.35
Mar 16, 2009	11.25	10.98
Mar 13, 2009	11.19	11.17
Mar 12, 2009	10.86	11.15
Mar 11, 2009	10.49	10.86
Mar 10, 2009	9.74	10.40
Mar 09, 2009	9.84	9.64
Mar 06, 2009	10.06	9.98
Mar 05, 2009	10.34	9.98
Mar 04, 2009	10.19	10.64
Mar 03, 2009	10.09	10.01
Mar 02, 2009	10.21	9.94
Feb 27, 2009	10.06	10.38
Feb 26, 2009	10.63	10.26
Feb 25, 2009	10.66	10.54
Feb 24, 2009	10.41	10.73
Feb 23, 2009	10.86	10.40
Feb 20, 2009	10.58	10.73
Feb 19, 2009	10.98	10.70
Feb 18, 2009	10.58	10.88
Feb 17, 2009	10.68	10.48
Feb 13, 2009	11.06	10.86
Feb 12, 2009	10.92	11.11
Feb 11, 2009	11.35	11.08
Feb 10, 2009	11.82	11.26
Feb 09, 2009	12.19	11.94
Feb 06, 2009	11.83	12.17
Feb 05, 2009	11.44	11.80
Feb 04, 2009	11.60	11.44
Feb 03, 2009	11.17	11.57
Feb 02, 2009	11.14	11.11
Jan 30, 2009	11.57	11.31
Jan 29, 2009	11.78	11.50
Jan 28, 2009	11.58	11.90
Jan 27, 2009	11.48	11.38
Jan 26, 2009	11.45	11.42
Jan 23, 2009	11.19	11.42
Jan 22, 2009	11.26	11.41
Jan 21, 2009	11.17	11.41
Jan 20, 2009	11.53	11.03
Jan 16, 2009	11.85	11.70
Jan 15, 2009	11.66	11.74
Jan 14, 2009	12.06	11.66
Jan 13, 2009	12.45	12.38
Jan 12, 2009	12.35	12.53
Jan 09, 2009	12.86	12.40
Jan 08, 2009	12.57	12.85
Jan 07, 2009	12.90	12.61
Jan 06, 2009	13.45	13.09
Jan 05, 2009	13.15	13.36
Jan 02, 2009	12.74	13.27
Dec 31, 2008	12.45	12.75
Dec 30, 2008	12.33	12.42
Dec 29, 2008	12.43	12.23
Dec 26, 2008	12.32	12.44
Dec 24, 2008	12.01	12.28
Dec 23, 2008	12.31	11.99
Dec 22, 2008	12.82	12.27
Dec 19, 2008	13.32	12.81
Dec 18, 2008	12.67	13.17
Dec 17, 2008	12.18	12.66
Dec 16, 2008	12.07	12.41
Dec 15, 2008	12.50	12.05
Dec 12, 2008	11.92	12.34
Dec 11, 2008	12.54	12.18
Dec 10, 2008	12.90	12.63
Dec 09, 2008	13.82	13.23
Dec 08, 2008	13.63	14.04
Dec 05, 2008	12.74	13.34
Dec 04, 2008	12.79	12.99
Dec 03, 2008	12.23	13.00
Dec 02, 2008	12.17	12.50
Dec 01, 2008	13.07	12.01
Nov 28, 2008	13.50	13.31
Nov 26, 2008	12.16	13.31
Nov 25, 2008	12.82	12.32
Nov 24, 2008	12.05	12.58
Nov 21, 2008	11.10	11.97
Nov 20, 2008	10.82	10.90
Nov 19, 2008	11.63	10.96
Nov 18, 2008	11.53	11.66
Nov 17, 2008	11.51	11.58
Nov 14, 2008	11.96	11.63
Nov 13, 2008	11.13	12.22
Nov 12, 2008	11.28	11.09
Nov 11, 2008	11.98	11.42
Nov 10, 2008	12.68	11.99
Nov 07, 2008	12.66	12.35
Nov 06, 2008	12.98	12.66
Nov 05, 2008	14.00	13.19
Nov 04, 2008	14.22	14.06
Nov 03, 2008	14.34	13.96
Oct 31, 2008	13.80	14.41
Oct 30, 2008	13.63	13.95
Oct 29, 2008	13.05	13.12
Oct 28, 2008	11.91	13.10
Oct 27, 2008	11.80	11.64
Oct 24, 2008	11.90	11.95
Oct 23, 2008	13.05	12.68
Oct 22, 2008	13.88	13.13
Oct 21, 2008	14.75	14.28
Oct 20, 2008	14.57	14.94
Oct 17, 2008	13.66	14.37
Oct 16, 2008	13.16	13.99
Oct 15, 2008	14.01	12.59
Oct 14, 2008	14.52	14.28
Oct 13, 2008	13.92	13.96
Oct 10, 2008	12.59	13.63
Oct 09, 2008	14.02	13.27
Oct 08, 2008	14.26	13.93
Oct 07, 2008	15.49	14.49
Oct 06, 2008	15.50	15.28
Oct 03, 2008	16.10	15.81
Oct 02, 2008	16.28	15.94
Oct 01, 2008	16.55	16.54
Sep 30, 2008	16.48	16.73
Sep 29, 2008	16.75	16.26
Sep 26, 2008	16.05	16.95
Sep 25, 2008	15.60	16.25
Sep 24, 2008	15.21	14.82
Sep 23, 2008	15.85	15.21
Sep 22, 2008	16.30	15.79
Sep 19, 2008	16.66	15.93
Sep 18, 2008	15.06	16.16
Sep 17, 2008	14.88	14.89
Sep 16, 2008	14.78	15.30
Sep 15, 2008	15.11	15.13
Sep 12, 2008	15.15	15.48
Sep 11, 2008	14.81	15.24
Sep 10, 2008	14.97	14.97
Sep 09, 2008	15.08	15.07
Sep 08, 2008	15.00	15.08
Sep 05, 2008	14.85	14.70
Sep 04, 2008	15.24	14.94
Sep 03, 2008	15.18	15.48
Sep 02, 2008	15.39	15.30
Aug 29, 2008	15.30	15.15
Aug 28, 2008	14.98	15.31
Aug 27, 2008	14.77	14.92
Aug 26, 2008	14.95	14.73
Aug 25, 2008	15.16	14.93
Aug 22, 2008	15.24	15.28
Aug 21, 2008	15.02	15.15
Aug 20, 2008	15.27	15.16
Aug 19, 2008	15.30	15.26
Aug 18, 2008	15.63	15.41
Aug 15, 2008	15.51	15.57
Aug 14, 2008	15.42	15.50
Aug 13, 2008	15.61	15.49
Aug 12, 2008	15.68	15.52
Aug 11, 2008	15.76	15.82
Aug 08, 2008	15.27	15.74
Aug 07, 2008	15.40	15.21
Aug 06, 2008	15.37	15.55
Aug 05, 2008	15.03	15.40
Aug 04, 2008	14.90	14.94
Aug 01, 2008	14.60	14.85
Jul 31, 2008	14.94	14.67
Jul 30, 2008	14.82	14.92
Jul 29, 2008	14.27	14.77
Jul 28, 2008	14.53	14.31
Jul 25, 2008	14.62	14.54
Jul 24, 2008	14.84	14.53
Jul 23, 2008	14.64	14.80
Jul 22, 2008	14.31	14.67
Jul 21, 2008	14.31	14.38
Jul 18, 2008	14.68	14.55
Jul 17, 2008	14.63	14.64
Jul 16, 2008	14.40	14.54
Jul 15, 2008	14.17	14.41
Jul 14, 2008	14.26	13.95
Jul 11, 2008	13.78	14.06
Jul 10, 2008	14.21	13.92
Jul 09, 2008	14.52	14.24
Jul 08, 2008	14.10	14.58
Jul 07, 2008	14.64	14.11
Jul 03, 2008	14.57	14.63
Jul 02, 2008	14.83	14.52
Jul 01, 2008	14.90	14.75
Jun 30, 2008	15.11	14.90
Jun 27, 2008	14.93	15.09
Jun 26, 2008	15.21	14.88
Jun 25, 2008	16.56	16.49
Jun 24, 2008	16.77	16.49
Jun 23, 2008	16.76	16.73
Jun 20, 2008	16.81	16.68
Jun 19, 2008	17.01	16.96
Jun 18, 2008	16.92	16.97
Jun 17, 2008	17.30	17.00
Jun 16, 2008	17.21	17.09
Jun 13, 2008	16.77	17.25
Jun 12, 2008	16.92	16.69
Jun 11, 2008	17.13	16.86
Jun 10, 2008	17.01	17.12
Jun 09, 2008	16.97	17.15
Jun 06, 2008	17.34	16.98
Jun 05, 2008	17.01	17.52
Jun 04, 2008	16.74	16.99
Jun 03, 2008	16.88	16.74
Jun 02, 2008	17.07	16.78
May 30, 2008	17.18	17.09
May 29, 2008	16.85	17.10
May 28, 2008	16.65	16.84
May 27, 2008	16.23	16.50
May 23, 2008	16.22	16.19
May 22, 2008	16.27	16.25
May 21, 2008	16.78	16.28
May 20, 2008	16.80	16.76
May 19, 2008	16.88	16.94
May 16, 2008	17.07	16.88
May 15, 2008	16.97	17.00
May 14, 2008	16.50	16.86
May 13, 2008	16.41	16.42
May 12, 2008	16.29	16.33
May 09, 2008	16.33	16.22
May 08, 2008	16.72	16.20
May 07, 2008	16.93	16.69
May 06, 2008	16.74	16.90
May 05, 2008	16.78	16.75
May 02, 2008	17.15	16.92
May 01, 2008	16.70	16.95
Apr 30, 2008	17.06	16.70
Apr 29, 2008	16.95	17.06
Apr 28, 2008	17.26	16.95
Apr 25, 2008	17.13	17.18
Apr 24, 2008	16.95	17.01
Apr 23, 2008	17.10	16.90
Apr 22, 2008	17.11	17.01
Apr 21, 2008	16.87	17.16
Apr 18, 2008	17.04	16.97
Apr 17, 2008	16.50	16.89
Apr 16, 2008	16.54	16.52
Apr 15, 2008	16.65	16.45
Apr 14, 2008	16.58	16.51
Apr 11, 2008	16.67	16.67
Apr 10, 2008	16.58	16.84
Apr 09, 2008	16.67	16.61
Apr 08, 2008	16.56	16.63
Apr 07, 2008	17.22	16.71
Apr 04, 2008	17.29	17.13
Apr 03, 2008	16.86	17.23
Apr 02, 2008	17.22	16.99
Apr 01, 2008	17.15	17.39
