Apr 30, 2009	50.23	49.44
Apr 29, 2009	49.91	50.42
Apr 28, 2009	49.75	49.69
Apr 27, 2009	49.07	49.97
Apr 24, 2009	49.50	49.51
Apr 23, 2009	49.84	49.32
Apr 22, 2009	50.96	49.60
Apr 21, 2009	50.82	51.37
Apr 20, 2009	51.57	50.73
Apr 17, 2009	51.15	51.66
Apr 16, 2009	49.20	50.43
Apr 15, 2009	47.68	48.75
Apr 14, 2009	47.98	47.25
Apr 13, 2009	48.88	48.04
Apr 09, 2009	49.17	49.19
Apr 08, 2009	48.80	48.47
Apr 07, 2009	49.42	48.68
Apr 06, 2009	49.46	49.65
Apr 03, 2009	49.54	49.63
Apr 02, 2009	48.72	49.42
Apr 01, 2009	46.75	48.21
Mar 31, 2009	47.56	47.09
Mar 30, 2009	48.04	47.28
Mar 27, 2009	48.21	48.57
Mar 26, 2009	48.27	48.76
Mar 25, 2009	47.70	48.06
Mar 24, 2009	47.42	47.07
Mar 23, 2009	46.11	47.74
Mar 20, 2009	46.55	45.59
Mar 19, 2009	48.24	46.31
Mar 18, 2009	47.75	48.02
Mar 17, 2009	47.95	47.98
Mar 16, 2009	47.37	47.82
Mar 13, 2009	46.10	46.95
Mar 12, 2009	44.89	45.78
Mar 11, 2009	45.59	45.07
Mar 10, 2009	44.51	45.17
Mar 09, 2009	45.30	44.18
Mar 06, 2009	45.87	45.71
Mar 05, 2009	46.45	45.40
Mar 04, 2009	46.93	47.31
Mar 03, 2009	47.33	46.63
Mar 02, 2009	47.32	46.87
Feb 27, 2009	48.66	48.17
Feb 26, 2009	50.10	48.97
Feb 25, 2009	49.59	49.92
Feb 24, 2009	49.28	49.77
Feb 23, 2009	50.49	48.90
Feb 20, 2009	50.24	50.25
Feb 19, 2009	51.50	51.13
Feb 18, 2009	49.84	50.95
Feb 17, 2009	50.00	50.11
Feb 13, 2009	51.37	51.09
Feb 12, 2009	50.93	51.28
Feb 11, 2009	51.80	51.16
Feb 10, 2009	52.74	51.45
Feb 09, 2009	53.89	52.94
Feb 06, 2009	53.42	54.00
Feb 05, 2009	52.29	53.32
Feb 04, 2009	54.33	52.52
Feb 03, 2009	53.49	53.91
Feb 02, 2009	54.00	53.05
Jan 30, 2009	56.50	54.50
Jan 29, 2009	57.79	58.22
Jan 28, 2009	57.50	58.18
Jan 27, 2009	56.48	56.70
Jan 26, 2009	55.95	56.37
Jan 23, 2009	56.54	56.00
Jan 22, 2009	57.38	56.96
Jan 21, 2009	58.20	57.57
Jan 20, 2009	57.77	57.43
Jan 16, 2009	58.08	57.73
Jan 15, 2009	57.09	57.46
Jan 14, 2009	59.05	57.86
Jan 13, 2009	59.96	59.47
Jan 12, 2009	59.75	59.94
Jan 09, 2009	60.64	59.86
Jan 08, 2009	60.91	60.41
Jan 07, 2009	61.33	61.08
Jan 06, 2009	62.50	62.17
Jan 05, 2009	62.32	62.35
Jan 02, 2009	61.69	62.80
Dec 31, 2008	61.35	61.82
Dec 30, 2008	60.50	61.12
Dec 29, 2008	60.78	60.20
Dec 26, 2008	60.60	60.53
Dec 24, 2008	59.95	60.39
Dec 23, 2008	60.57	59.83
Dec 22, 2008	60.89	60.46
Dec 19, 2008	60.80	60.18
Dec 18, 2008	61.00	60.31
Dec 17, 2008	60.99	60.70
Dec 16, 2008	59.90	61.62
Dec 15, 2008	58.15	59.36
Dec 12, 2008	58.33	58.94
Dec 11, 2008	57.77	58.58
Dec 10, 2008	60.27	59.12
Dec 09, 2008	61.97	59.79
Dec 08, 2008	63.01	62.49
Dec 05, 2008	60.81	62.63
Dec 04, 2008	62.28	61.25
Dec 03, 2008	60.52	62.88
Dec 02, 2008	61.60	61.44
Dec 01, 2008	63.73	60.49
Nov 28, 2008	63.04	64.35
Nov 26, 2008	61.77	63.16
Nov 25, 2008	64.54	63.18
Nov 24, 2008	63.44	64.68
Nov 21, 2008	60.05	63.09
Nov 20, 2008	61.67	59.33
Nov 19, 2008	63.88	62.27
Nov 18, 2008	62.25	64.25
Nov 17, 2008	63.00	62.51
Nov 14, 2008	64.87	63.11
Nov 13, 2008	61.71	65.05
Nov 12, 2008	63.50	61.85
Nov 11, 2008	64.65	63.82
Nov 10, 2008	65.46	64.95
Nov 07, 2008	63.70	64.49
Nov 06, 2008	64.05	63.35
Nov 05, 2008	65.41	63.81
Nov 04, 2008	65.30	66.07
Nov 03, 2008	64.72	64.40
Oct 31, 2008	62.96	64.54
Oct 30, 2008	62.33	63.08
Oct 29, 2008	63.01	60.99
Oct 28, 2008	58.40	63.23
Oct 27, 2008	58.03	57.37
Oct 24, 2008	56.90	58.87
Oct 23, 2008	59.13	60.57
Oct 22, 2008	61.39	58.76
Oct 21, 2008	63.47	62.96
Oct 20, 2008	62.54	63.91
Oct 17, 2008	60.65	61.74
Oct 16, 2008	59.91	61.77
Oct 15, 2008	63.28	59.82
Oct 14, 2008	65.55	64.10
Oct 13, 2008	61.67	63.29
Oct 10, 2008	58.77	59.56
Oct 09, 2008	66.14	60.88
Oct 08, 2008	65.78	66.10
Oct 07, 2008	69.03	66.25
Oct 06, 2008	69.77	68.58
Oct 03, 2008	71.02	71.02
Oct 02, 2008	70.91	71.44
Oct 01, 2008	69.34	71.27
Sep 30, 2008	67.19	69.69
Sep 29, 2008	68.15	66.75
Sep 26, 2008	67.82	68.84
Sep 25, 2008	69.02	68.51
Sep 24, 2008	67.43	68.74
Sep 23, 2008	68.14	67.28
Sep 22, 2008	70.01	68.04
Sep 19, 2008	72.56	70.36
Sep 18, 2008	71.22	71.31
Sep 17, 2008	71.68	70.94
Sep 16, 2008	71.52	72.00
Sep 15, 2008	72.34	72.14
Sep 12, 2008	72.33	73.15
Sep 11, 2008	71.80	73.08
Sep 10, 2008	71.85	72.39
Sep 09, 2008	71.66	71.89
Sep 08, 2008	71.33	72.37
Sep 05, 2008	70.39	70.78
Sep 04, 2008	71.16	70.44
Sep 03, 2008	70.42	71.42
Sep 02, 2008	70.35	70.47
Aug 29, 2008	70.71	69.77
Aug 28, 2008	70.35	71.01
Aug 27, 2008	69.68	70.06
Aug 26, 2008	70.03	69.84
Aug 25, 2008	71.33	70.13
Aug 22, 2008	70.07	71.61
Aug 21, 2008	69.83	69.90
Aug 20, 2008	70.68	70.30
Aug 19, 2008	71.02	70.72
Aug 18, 2008	71.32	71.27
Aug 15, 2008	70.49	71.60
Aug 14, 2008	69.55	69.71
Aug 13, 2008	70.22	69.60
Aug 12, 2008	69.22	70.34
Aug 11, 2008	69.62	69.43
Aug 08, 2008	67.01	69.63
Aug 07, 2008	67.83	67.48
Aug 06, 2008	67.95	67.77
Aug 05, 2008	66.21	67.97
Aug 04, 2008	65.12	65.82
Aug 01, 2008	65.73	64.95
Jul 31, 2008	66.02	65.48
Jul 30, 2008	65.43	66.57
Jul 29, 2008	63.95	65.54
Jul 28, 2008	64.39	63.83
Jul 25, 2008	64.62	64.46
Jul 24, 2008	64.70	64.51
Jul 23, 2008	64.25	64.70
Jul 22, 2008	63.65	64.10
Jul 21, 2008	63.93	63.64
Jul 18, 2008	63.97	63.67
Jul 17, 2008	63.97	63.89
Jul 16, 2008	63.73	63.89
Jul 15, 2008	62.35	64.35
Jul 14, 2008	63.90	63.93
Jul 11, 2008	63.93	63.45
Jul 10, 2008	63.71	64.22
Jul 09, 2008	63.93	63.80
Jul 08, 2008	62.67	63.66
Jul 07, 2008	63.81	62.91
Jul 03, 2008	62.70	63.67
Jul 02, 2008	61.95	62.69
Jul 01, 2008	60.55	61.98
Jun 30, 2008	60.69	60.81
Jun 27, 2008	62.19	60.49
Jun 26, 2008	63.22	62.25
Jun 25, 2008	63.14	63.49
Jun 24, 2008	62.82	62.86
Jun 23, 2008	63.43	62.93
Jun 20, 2008	64.65	63.16
Jun 19, 2008	64.95	64.90
Jun 18, 2008	65.59	65.00
Jun 17, 2008	65.97	65.80
Jun 16, 2008	66.25	65.90
Jun 13, 2008	66.77	66.45
Jun 12, 2008	66.40	66.46
Jun 11, 2008	66.43	66.20
Jun 10, 2008	65.63	66.66
Jun 09, 2008	65.35	66.07
Jun 06, 2008	66.35	65.37
Jun 05, 2008	66.56	66.67
Jun 04, 2008	66.00	66.45
Jun 03, 2008	65.46	65.41
Jun 02, 2008	65.92	65.36
May 30, 2008	65.53	66.05
May 29, 2008	64.88	65.47
May 28, 2008	65.32	64.87
May 27, 2008	65.38	65.07
May 23, 2008	65.38	65.27
May 22, 2008	65.32	65.62
May 21, 2008	66.08	65.17
May 20, 2008	66.63	65.86
May 19, 2008	66.51	66.86
May 16, 2008	66.44	66.75
May 15, 2008	65.28	66.36
May 14, 2008	65.93	65.50
May 13, 2008	65.50	65.73
May 12, 2008	65.43	65.35
May 09, 2008	65.62	65.21
May 08, 2008	66.10	65.92
May 07, 2008	66.59	65.80
May 06, 2008	66.21	66.65
May 05, 2008	66.70	66.65
May 02, 2008	67.10	66.80
May 01, 2008	67.03	67.03
Apr 30, 2008	67.05	67.05
Apr 29, 2008	66.21	65.90
Apr 28, 2008	66.62	66.21
Apr 25, 2008	67.27	66.55
Apr 24, 2008	67.05	66.83
Apr 23, 2008	67.87	67.17
Apr 22, 2008	67.51	67.47
Apr 21, 2008	66.91	67.80
Apr 18, 2008	67.94	67.17
Apr 17, 2008	68.72	67.56
Apr 16, 2008	70.68	69.27
Apr 15, 2008	70.39	70.23
Apr 14, 2008	70.12	70.12
Apr 11, 2008	69.75	70.00
Apr 10, 2008	70.09	70.18
Apr 09, 2008	70.15	70.21
Apr 08, 2008	70.01	70.65
Apr 07, 2008	70.97	70.51
Apr 04, 2008	70.47	70.60
Apr 03, 2008	70.20	70.47
Apr 02, 2008	71.06	70.48
Apr 01, 2008	70.41	71.14
