Apr 30, 2009	24.40	23.52
Apr 29, 2009	24.05	23.87
Apr 28, 2009	23.00	23.89
Apr 27, 2009	23.20	23.01
Apr 24, 2009	23.43	23.06
Apr 23, 2009	23.10	23.16
Apr 22, 2009	22.86	22.81
Apr 21, 2009	25.38	22.80
Apr 20, 2009	23.52	24.21
Apr 17, 2009	24.32	24.14
Apr 16, 2009	25.32	24.36
Apr 15, 2009	24.34	25.11
Apr 14, 2009	24.18	24.50
Apr 13, 2009	24.12	24.37
Apr 09, 2009	23.56	23.86
Apr 08, 2009	24.12	22.86
Apr 07, 2009	21.40	23.45
Apr 06, 2009	20.33	21.93
Apr 03, 2009	21.05	20.54
Apr 02, 2009	21.17	21.07
Apr 01, 2009	20.61	20.68
Mar 31, 2009	20.85	20.93
Mar 30, 2009	20.45	20.54
Mar 27, 2009	21.30	21.08
Mar 26, 2009	21.17	21.62
Mar 25, 2009	21.29	21.18
Mar 24, 2009	21.68	21.12
Mar 23, 2009	21.20	22.05
Mar 20, 2009	21.71	20.63
Mar 19, 2009	22.29	21.30
Mar 18, 2009	21.32	21.95
Mar 17, 2009	21.11	21.54
Mar 16, 2009	21.63	20.68
Mar 13, 2009	20.51	21.36
Mar 12, 2009	19.03	20.41
Mar 11, 2009	19.42	19.12
Mar 10, 2009	17.64	19.31
Mar 09, 2009	17.67	17.79
Mar 06, 2009	16.57	17.90
Mar 05, 2009	17.52	16.35
Mar 04, 2009	18.11	17.96
Mar 03, 2009	17.74	17.80
Mar 02, 2009	19.19	17.48
Feb 27, 2009	20.19	19.65
Feb 26, 2009	23.34	20.07
Feb 25, 2009	24.10	23.03
Feb 24, 2009	23.77	24.21
Feb 23, 2009	26.60	23.82
Feb 20, 2009	28.13	27.98
Feb 19, 2009	28.58	28.65
Feb 18, 2009	28.44	28.33
Feb 17, 2009	28.19	28.42
Feb 13, 2009	29.42	28.96
Feb 12, 2009	27.80	29.48
Feb 11, 2009	27.80	28.55
Feb 10, 2009	29.27	27.97
Feb 09, 2009	29.62	29.52
Feb 06, 2009	28.77	28.94
Feb 05, 2009	28.66	28.80
Feb 04, 2009	29.80	28.98
Feb 03, 2009	29.61	29.74
Feb 02, 2009	28.00	29.15
Jan 30, 2009	28.76	28.33
Jan 29, 2009	29.68	28.69
Jan 28, 2009	29.61	29.99
Jan 27, 2009	28.27	29.08
Jan 26, 2009	28.16	28.15
Jan 23, 2009	27.17	28.04
Jan 22, 2009	25.44	27.19
Jan 21, 2009	24.21	25.05
Jan 20, 2009	25.41	24.16
Jan 16, 2009	25.39	25.50
Jan 15, 2009	24.06	24.89
Jan 14, 2009	24.70	24.08
Jan 13, 2009	24.92	25.36
Jan 12, 2009	26.58	25.62
Jan 09, 2009	26.75	26.45
Jan 08, 2009	26.10	26.71
Jan 07, 2009	26.71	26.30
Jan 06, 2009	27.11	26.50
Jan 05, 2009	27.40	27.14
Jan 02, 2009	26.70	27.59
Dec 31, 2008	27.06	26.60
Dec 30, 2008	25.82	27.04
Dec 29, 2008	26.41	25.57
Dec 26, 2008	26.08	26.30
Dec 24, 2008	26.16	25.96
Dec 23, 2008	25.93	25.98
Dec 22, 2008	26.47	25.74
Dec 19, 2008	25.02	26.49
Dec 18, 2008	24.16	24.91
Dec 17, 2008	23.96	23.90
Dec 16, 2008	23.06	24.35
Dec 15, 2008	23.65	23.78
Dec 12, 2008	22.82	23.54
Dec 11, 2008	21.31	23.49
Dec 10, 2008	21.00	21.57
Dec 09, 2008	21.23	20.78
Dec 08, 2008	21.98	21.45
Dec 05, 2008	19.52	21.41
Dec 04, 2008	20.04	19.90
Dec 03, 2008	19.84	20.38
Dec 02, 2008	20.50	20.32
Dec 01, 2008	21.67	20.12
Nov 28, 2008	20.81	21.01
Nov 26, 2008	19.93	20.98
Nov 25, 2008	19.59	20.73
Nov 24, 2008	17.57	19.07
Nov 21, 2008	16.72	17.15
Nov 20, 2008	17.60	16.30
Nov 19, 2008	18.91	17.73
Nov 18, 2008	18.58	19.03
Nov 17, 2008	19.73	18.89
Nov 14, 2008	20.27	20.02
Nov 13, 2008	18.98	20.84
Nov 12, 2008	20.00	18.87
Nov 11, 2008	21.08	20.16
Nov 10, 2008	22.52	21.44
Nov 07, 2008	22.41	22.43
Nov 06, 2008	22.60	22.16
Nov 05, 2008	22.58	22.77
Nov 04, 2008	24.30	22.82
Nov 03, 2008	23.68	23.49
Oct 31, 2008	22.07	23.73
Oct 30, 2008	22.69	22.39
Oct 29, 2008	22.31	21.32
Oct 28, 2008	21.27	22.45
Oct 27, 2008	22.31	20.43
Oct 24, 2008	22.18	22.91
Oct 23, 2008	24.26	23.93
Oct 22, 2008	23.70	24.06
Oct 21, 2008	25.14	25.25
Oct 20, 2008	24.62	25.51
Oct 17, 2008	22.99	24.39
Oct 16, 2008	23.62	22.63
Oct 15, 2008	22.58	21.67
Oct 14, 2008	24.31	22.99
Oct 13, 2008	18.06	23.38
Oct 10, 2008	16.63	17.35
Oct 09, 2008	20.13	17.80
Oct 08, 2008	20.26	19.20
Oct 07, 2008	22.50	20.52
Oct 06, 2008	23.77	22.26
Oct 03, 2008	25.06	24.11
Oct 02, 2008	25.09	24.76
Oct 01, 2008	25.97	25.08
Sep 30, 2008	23.68	25.39
Sep 29, 2008	25.26	21.00
Sep 26, 2008	25.00	25.81
Sep 25, 2008	25.19	25.50
Sep 24, 2008	26.01	25.10
Sep 23, 2008	26.27	26.00
Sep 22, 2008	27.00	26.52
Sep 19, 2008	29.94	26.79
Sep 18, 2008	25.85	26.57
Sep 17, 2008	26.50	25.51
Sep 16, 2008	27.73	26.78
Sep 15, 2008	28.78	28.01
Sep 12, 2008	30.00	29.61
Sep 11, 2008	28.52	29.96
Sep 10, 2008	28.51	29.31
Sep 09, 2008	29.07	28.48
Sep 08, 2008	28.66	29.16
Sep 05, 2008	27.90	27.71
Sep 04, 2008	29.56	28.06
Sep 03, 2008	29.18	29.68
Sep 02, 2008	30.49	29.28
Aug 29, 2008	30.04	30.45
Aug 28, 2008	29.55	30.06
Aug 27, 2008	29.45	29.43
Aug 26, 2008	29.30	29.46
Aug 25, 2008	30.53	29.31
Aug 22, 2008	30.46	30.61
Aug 21, 2008	30.10	30.30
Aug 20, 2008	30.95	30.24
Aug 19, 2008	31.97	30.97
Aug 18, 2008	33.25	32.13
Aug 15, 2008	31.94	33.01
Aug 14, 2008	31.71	31.89
Aug 13, 2008	31.49	31.61
Aug 12, 2008	31.39	31.48
Aug 11, 2008	31.07	31.25
Aug 08, 2008	29.27	31.00
Aug 07, 2008	29.79	29.16
Aug 06, 2008	30.41	29.86
Aug 05, 2008	28.96	30.45
Aug 04, 2008	28.70	28.96
Aug 01, 2008	27.99	28.13
Jul 31, 2008	27.12	28.08
Jul 30, 2008	27.65	27.28
Jul 29, 2008	26.85	27.53
Jul 28, 2008	27.47	26.78
Jul 25, 2008	27.02	27.45
Jul 24, 2008	27.74	27.02
Jul 23, 2008	27.92	27.76
Jul 22, 2008	24.40	26.21
Jul 21, 2008	24.13	23.83
Jul 18, 2008	23.72	23.90
Jul 17, 2008	22.60	23.58
Jul 16, 2008	22.40	22.53
Jul 15, 2008	21.91	22.33
Jul 14, 2008	22.19	22.18
Jul 11, 2008	21.76	22.16
Jul 10, 2008	22.90	22.58
Jul 09, 2008	23.35	22.93
Jul 08, 2008	22.78	23.28
Jul 07, 2008	22.71	23.31
Jul 03, 2008	24.50	22.96
Jul 02, 2008	27.02	25.12
Jul 01, 2008	26.12	25.63
Jun 30, 2008	26.05	26.25
Jun 27, 2008	26.30	26.01
Jun 26, 2008	26.48	25.97
Jun 25, 2008	26.48	26.79
Jun 24, 2008	26.15	26.43
Jun 23, 2008	27.23	26.39
Jun 20, 2008	27.84	27.12
Jun 19, 2008	27.10	27.89
Jun 18, 2008	29.97	30.22
Jun 17, 2008	30.28	30.00
Jun 16, 2008	30.65	30.20
Jun 13, 2008	30.30	30.74
Jun 12, 2008	32.04	31.01
Jun 11, 2008	32.49	31.95
Jun 10, 2008	33.01	32.60
Jun 09, 2008	33.04	32.93
Jun 06, 2008	33.72	33.03
Jun 05, 2008	33.87	33.94
Jun 04, 2008	33.92	33.82
Jun 03, 2008	34.04	33.95
Jun 02, 2008	34.22	33.99
May 30, 2008	34.58	34.21
May 29, 2008	34.10	34.50
May 28, 2008	35.04	34.23
May 27, 2008	34.69	35.02
May 23, 2008	35.50	34.75
May 22, 2008	34.50	35.30
May 21, 2008	34.00	34.16
May 20, 2008	33.65	34.05
May 19, 2008	32.58	33.44
May 16, 2008	32.11	32.32
May 15, 2008	32.10	31.70
May 14, 2008	32.54	32.02
May 13, 2008	32.81	32.55
May 12, 2008	33.18	32.78
May 09, 2008	33.09	32.94
May 08, 2008	32.75	33.00
May 07, 2008	32.74	32.66
May 06, 2008	33.07	32.80
May 05, 2008	33.56	33.07
May 02, 2008	33.01	33.47
May 01, 2008	32.72	32.90
Apr 30, 2008	33.60	32.63
Apr 29, 2008	33.47	33.40
Apr 28, 2008	34.00	33.64
Apr 25, 2008	33.81	33.99
Apr 24, 2008	34.50	33.59
Apr 23, 2008	34.06	34.73
Apr 22, 2008	33.71	34.15
Apr 21, 2008	37.04	37.81
Apr 18, 2008	36.84	37.25
Apr 17, 2008	35.72	36.70
Apr 16, 2008	37.27	35.80
Apr 15, 2008	36.13	37.24
Apr 14, 2008	35.85	36.29
Apr 11, 2008	36.50	35.87
Apr 10, 2008	36.99	36.60
Apr 09, 2008	38.28	37.28
Apr 08, 2008	36.68	38.08
Apr 07, 2008	36.74	36.67
Apr 04, 2008	36.15	36.50
Apr 03, 2008	35.38	36.15
Apr 02, 2008	35.80	35.96
Apr 01, 2008	34.85	36.25
